"service_id","monday","tuesday","wednesday","thursday","friday","saturday","sunday","start_date","end_date"
1,1,1,1,1,1,0,0,20220112,20221210
2,1,1,1,1,1,0,0,20220112,20221210
3,1,1,1,1,1,1,0,20220112,20221210
4,1,1,1,1,1,0,1,20220112,20221210
5,0,0,0,0,0,1,1,20220112,20221210
6,0,0,0,0,0,0,1,20220112,20221210
7,1,1,1,1,1,1,1,20220112,20221210
8,0,0,0,0,0,0,0,20220112,20221210
9,0,0,0,0,0,1,0,20220112,20221210
10,0,0,0,0,0,1,0,20220112,20221210
11,1,1,1,1,1,1,0,20220112,20221210
12,0,0,0,0,0,0,0,20220112,20221210
13,0,0,0,0,0,0,1,20220112,20221210
14,0,0,0,0,0,1,0,20220112,20221210
15,0,0,0,0,0,0,0,20220112,20221210
16,1,1,1,1,1,0,0,20220112,20221210
17,0,0,0,0,0,0,0,20220112,20221210
18,0,0,0,0,1,1,0,20220112,20221210
19,1,1,1,1,1,0,0,20220112,20221210
20,1,1,1,1,1,1,0,20220112,20221210
21,0,0,0,0,0,0,1,20220112,20221210
22,0,0,0,0,0,1,0,20220112,20221210
23,0,0,0,0,0,1,1,20220112,20221210
24,1,1,1,1,1,1,1,20220112,20221210
25,0,0,0,0,0,0,0,20220112,20221210
26,0,0,0,0,0,0,0,20220112,20221210
27,0,0,0,0,0,0,0,20220112,20221210
28,0,0,0,0,0,0,0,20220112,20221210
29,0,0,0,0,0,0,0,20220112,20221210
30,0,0,0,0,0,0,0,20220112,20221210
31,1,1,1,1,1,0,0,20220112,20221210
32,0,0,0,0,0,0,0,20220112,20221210
33,0,0,0,0,0,0,0,20220112,20221210
34,0,0,0,0,0,0,1,20220112,20221210
35,0,0,0,0,0,0,0,20220112,20221210
36,0,0,0,0,0,0,0,20220112,20221210
37,0,0,0,0,0,0,0,20220112,20221210
38,1,1,1,1,1,0,0,20220112,20221210
39,0,0,0,0,0,1,0,20220112,20221210
40,1,1,1,1,1,1,1,20220112,20221210
41,1,1,1,1,1,0,0,20220112,20221210
42,0,0,0,0,0,0,1,20220112,20221210
43,1,1,1,1,1,0,1,20220112,20221210
44,0,0,0,0,0,1,0,20220112,20221210
45,1,1,1,1,1,0,0,20220112,20221210
46,0,0,0,0,0,1,0,20220112,20221210
47,0,0,0,0,0,0,1,20220112,20221210
48,0,0,0,0,0,0,0,20220112,20221210
49,0,0,0,0,0,0,0,20220112,20221210
50,0,0,0,0,0,0,0,20220112,20221210
51,1,1,1,1,1,0,0,20220112,20221210
52,0,0,0,0,0,1,0,20220112,20221210
53,0,0,0,0,0,0,1,20220112,20221210
54,0,0,0,0,0,0,0,20220112,20221210
55,0,0,0,0,0,0,0,20220112,20221210
56,0,0,0,0,0,0,0,20220112,20221210
57,1,1,1,1,1,1,0,20220112,20221210
58,1,1,1,1,1,1,1,20220112,20221210
59,0,0,0,0,1,1,0,20220112,20221210
60,0,0,0,0,0,0,0,20220112,20221210
61,0,0,0,0,0,0,0,20220112,20221210
62,0,0,0,0,0,0,0,20220112,20221210
63,0,0,0,0,0,1,0,20220112,20221210
64,0,0,0,0,0,0,1,20220112,20221210
65,1,1,1,1,1,0,0,20220112,20221210
66,0,0,0,0,0,0,0,20220112,20221210
67,0,0,0,0,0,0,0,20220112,20221210
68,1,1,1,1,0,0,1,20220112,20221210
69,1,1,1,1,0,0,0,20220112,20221210
70,0,0,0,0,1,1,0,20220112,20221210
71,1,1,1,1,1,0,0,20220112,20221210
72,0,0,0,0,0,0,0,20220112,20221210
73,0,0,0,0,0,0,1,20220112,20221210
74,0,0,0,0,0,0,0,20220112,20221210
75,0,0,0,0,0,1,0,20220112,20221210
76,0,0,0,0,0,0,0,20220112,20221210
77,1,1,1,1,1,1,1,20220112,20221210
78,0,0,0,0,0,0,0,20220112,20221210
79,0,0,0,0,1,1,0,20220112,20221210
80,0,0,0,0,0,0,0,20220112,20221210
81,0,0,0,0,0,0,0,20220112,20221210
82,0,0,0,0,0,0,0,20220112,20221210
83,0,0,0,0,0,0,0,20220112,20221210
84,0,0,0,0,0,1,1,20220112,20221210
85,0,0,0,0,0,0,0,20220112,20221210
86,1,1,1,1,0,0,1,20220112,20221210
87,0,0,0,0,0,0,0,20220112,20221210
88,1,1,1,1,1,0,0,20220112,20221210
89,0,0,0,0,0,0,0,20220112,20221210
90,1,1,1,1,1,0,0,20220112,20221210
91,0,0,0,0,0,0,0,20220112,20221210
92,1,1,1,1,1,1,1,20220112,20221210
93,0,0,0,0,0,1,1,20220112,20221210
94,1,1,1,1,1,1,1,20220112,20221210
95,0,0,0,0,0,0,0,20220112,20221210
96,0,0,0,0,0,0,0,20220112,20221210
97,0,0,0,0,0,0,1,20220112,20221210
98,1,1,1,1,1,0,0,20220112,20221210
99,0,0,0,0,0,1,0,20220112,20221210
100,0,0,0,0,0,1,1,20220112,20221210
101,1,1,1,1,1,0,0,20220112,20221210
102,0,0,0,0,0,0,0,20220112,20221210
103,0,0,0,0,1,0,0,20220112,20221210
104,0,0,0,0,1,0,0,20220112,20221210
105,1,1,1,1,1,0,0,20220112,20221210
106,0,0,0,0,0,0,0,20220112,20221210
107,0,0,0,0,0,1,1,20220112,20221210
108,0,0,0,0,0,0,0,20220112,20221210
109,0,0,0,0,0,0,0,20220112,20221210
110,0,0,0,0,0,0,0,20220112,20221210
111,1,1,1,1,1,0,0,20220112,20221210
112,0,0,0,0,0,1,0,20220112,20221210
113,0,0,0,0,0,0,0,20220112,20221210
114,0,0,0,0,0,0,0,20220112,20221210
115,1,1,1,1,1,0,0,20220112,20221210
116,1,1,1,1,0,0,0,20220112,20221210
117,1,1,1,1,0,0,0,20220112,20221210
118,0,0,0,0,0,1,0,20220112,20221210
119,0,0,0,0,0,0,1,20220112,20221210
120,1,1,1,1,1,1,1,20220112,20221210
121,0,0,0,0,0,0,0,20220112,20221210
122,0,0,0,0,0,0,0,20220112,20221210
123,0,0,0,0,0,0,0,20220112,20221210
124,0,0,0,0,0,1,1,20220112,20221210
125,0,0,0,0,1,0,0,20220112,20221210
126,0,0,0,0,0,0,0,20220112,20221210
127,0,0,0,0,0,0,0,20220112,20221210
128,1,1,1,1,1,0,0,20220112,20221210
129,0,0,0,0,0,0,0,20220112,20221210
130,0,0,0,0,1,0,0,20220112,20221210
131,1,1,1,1,1,0,0,20220112,20221210
132,0,0,0,0,0,1,0,20220112,20221210
133,0,0,0,0,0,0,0,20220112,20221210
134,1,1,1,1,1,1,0,20220112,20221210
135,1,1,1,1,0,0,1,20220112,20221210
136,0,0,0,0,0,0,0,20220112,20221210
137,1,1,1,1,0,0,1,20220112,20221210
138,0,0,0,0,0,0,0,20220112,20221210
139,1,1,1,1,1,1,1,20220112,20221210
140,1,1,1,1,1,0,0,20220112,20221210
141,0,0,0,0,0,0,0,20220112,20221210
142,0,0,0,0,0,1,0,20220112,20221210
143,0,0,0,0,0,1,1,20220112,20221210
144,0,0,0,0,0,0,1,20220112,20221210
145,0,0,0,0,0,0,1,20220112,20221210
146,0,0,0,0,0,1,1,20220112,20221210
147,0,0,0,0,0,1,0,20220112,20221210
148,0,0,0,0,0,0,1,20220112,20221210
149,0,0,0,0,0,1,0,20220112,20221210
150,0,0,0,0,0,0,1,20220112,20221210
151,0,0,0,0,0,0,0,20220112,20221210
152,0,0,0,0,0,1,1,20220112,20221210
153,0,0,0,0,0,0,1,20220112,20221210
154,0,0,0,0,0,1,0,20220112,20221210
155,0,0,0,0,0,0,1,20220112,20221210
156,0,0,0,0,0,1,0,20220112,20221210
157,0,0,0,0,0,0,0,20220112,20221210
158,0,0,0,0,0,0,0,20220112,20221210
159,0,0,0,0,0,0,0,20220112,20221210
160,0,0,0,0,0,0,0,20220112,20221210
161,1,1,1,1,1,0,0,20220112,20221210
162,1,1,1,1,1,0,0,20220112,20221210
163,0,0,0,0,0,0,0,20220112,20221210
164,1,1,1,1,1,0,0,20220112,20221210
165,1,1,1,1,1,0,0,20220112,20221210
166,1,1,1,1,1,0,0,20220112,20221210
167,0,0,0,0,1,0,0,20220112,20221210
168,1,1,1,1,0,0,0,20220112,20221210
169,0,0,0,0,0,0,0,20220112,20221210
170,1,1,1,1,1,0,0,20220112,20221210
171,1,1,1,1,0,0,0,20220112,20221210
172,1,1,1,1,1,0,1,20220112,20221210
173,0,0,0,0,0,1,1,20220112,20221210
174,1,1,1,1,1,1,1,20220112,20221210
175,0,0,0,0,1,1,0,20220112,20221210
176,1,1,1,1,1,1,1,20220112,20221210
177,1,1,1,1,1,0,0,20220112,20221210
178,0,0,0,0,0,0,0,20220112,20221210
179,1,1,1,1,1,0,0,20220112,20221210
180,0,0,0,0,0,0,1,20220112,20221210
181,0,0,0,0,0,1,0,20220112,20221210
182,1,1,1,1,1,1,0,20220112,20221210
183,0,0,0,0,0,1,1,20220112,20221210
184,0,0,0,0,0,0,0,20220112,20221210
185,0,0,0,0,0,0,0,20220112,20221210
186,0,0,0,0,0,0,0,20220112,20221210
187,0,0,0,0,0,0,0,20220112,20221210
188,0,0,0,0,0,0,0,20220112,20221210
189,0,0,0,0,0,0,0,20220112,20221210
190,1,1,1,1,1,0,0,20220112,20221210
191,1,1,1,1,1,0,0,20220112,20221210
192,0,0,0,0,0,0,0,20220112,20221210
193,1,1,1,1,1,1,0,20220112,20221210
194,1,1,1,1,1,1,1,20220112,20221210
195,0,0,0,0,0,0,0,20220112,20221210
196,1,1,1,1,1,0,0,20220112,20221210
197,1,1,1,1,0,1,1,20220112,20221210
198,0,0,0,0,1,0,0,20220112,20221210
199,0,0,0,0,0,1,0,20220112,20221210
200,1,1,1,1,1,1,1,20220112,20221210
201,1,1,1,1,1,0,1,20220112,20221210
202,0,0,0,0,1,1,0,20220112,20221210
203,0,0,0,0,1,1,0,20220112,20221210
204,0,0,0,0,0,0,1,20220112,20221210
205,0,0,0,0,0,0,0,20220112,20221210
206,1,1,1,1,1,1,0,20220112,20221210
207,1,1,1,1,1,0,1,20220112,20221210
208,1,1,1,1,0,0,1,20220112,20221210
209,0,0,0,0,1,1,0,20220112,20221210
210,0,0,0,0,0,0,0,20220112,20221210
211,0,0,0,0,0,0,0,20220112,20221210
212,0,0,0,0,0,0,0,20220112,20221210
213,0,0,0,0,0,0,0,20220112,20221210
214,0,0,0,0,0,0,0,20220112,20221210
215,0,0,0,0,0,0,0,20220112,20221210
216,0,0,0,0,0,0,0,20220112,20221210
217,0,0,0,0,0,0,0,20220112,20221210
218,0,0,0,0,0,0,0,20220112,20221210
219,0,0,0,0,0,0,1,20220112,20221210
220,1,1,1,1,1,1,0,20220112,20221210
221,1,1,1,1,1,1,1,20220112,20221210
222,1,1,1,1,1,1,1,20220112,20221210
223,1,1,1,1,0,1,1,20220112,20221210
224,1,1,1,1,1,1,1,20220112,20221210
225,1,1,1,1,1,1,1,20220112,20221210
226,0,0,0,0,0,0,0,20220112,20221210
227,1,1,1,1,1,1,1,20220112,20221210
228,0,0,0,0,0,0,0,20220112,20221210
229,1,1,1,1,1,1,1,20220112,20221210
230,0,0,0,0,1,0,0,20220112,20221210
231,1,1,1,1,0,0,0,20220112,20221210
232,0,0,0,0,1,0,0,20220112,20221210
233,0,0,0,0,0,1,1,20220112,20221210
234,1,1,1,0,0,0,0,20220112,20221210
235,1,0,0,0,0,0,0,20220112,20221210
236,0,1,0,0,0,0,0,20220112,20221210
237,0,0,1,0,0,0,0,20220112,20221210
238,0,0,0,1,0,0,0,20220112,20221210
239,0,1,1,1,0,0,0,20220112,20221210
240,1,1,1,0,1,0,0,20220112,20221210
241,1,1,1,1,0,0,0,20220112,20221210
242,0,0,0,0,0,0,0,20220112,20221210
243,0,0,0,0,0,0,0,20220112,20221210
244,0,0,0,0,0,0,0,20220112,20221210
245,0,0,0,0,0,0,0,20220112,20221210
246,0,0,0,0,0,0,0,20220112,20221210
247,0,0,0,0,0,1,0,20220112,20221210
248,0,0,0,0,0,0,0,20220112,20221210
249,1,1,0,0,0,0,0,20220112,20221210
250,0,1,0,0,1,0,0,20220112,20221210
251,1,0,1,1,0,0,0,20220112,20221210
252,1,1,1,1,1,1,0,20220112,20221210
253,1,1,0,1,1,0,0,20220112,20221210
254,1,0,0,0,1,0,0,20220112,20221210
255,1,0,1,0,1,0,0,20220112,20221210
256,0,0,0,0,0,0,0,20220112,20221210
257,0,0,0,0,0,0,0,20220112,20221210
258,0,0,0,0,0,0,0,20220112,20221210
259,0,0,0,0,0,0,0,20220112,20221210
260,0,0,0,0,0,0,1,20220112,20221210
261,0,0,0,0,0,0,0,20220112,20221210
262,0,0,0,0,0,0,0,20220112,20221210
263,0,0,0,0,0,0,0,20220112,20221210
264,0,0,0,0,0,0,0,20220112,20221210
265,0,0,0,0,0,0,0,20220112,20221210
266,0,0,0,0,0,0,1,20220112,20221210
267,0,0,0,0,0,0,0,20220112,20221210
268,0,0,0,0,0,0,0,20220112,20221210
269,0,0,0,0,0,0,0,20220112,20221210
270,0,0,0,0,0,0,0,20220112,20221210
271,0,0,0,0,0,0,0,20220112,20221210
272,0,0,0,0,0,0,0,20220112,20221210
273,0,0,0,0,0,0,0,20220112,20221210
274,0,0,0,0,0,0,0,20220112,20221210
275,0,0,0,0,0,0,0,20220112,20221210
276,0,0,0,0,0,0,0,20220112,20221210
277,0,0,0,0,0,0,0,20220112,20221210
278,0,0,0,0,0,0,0,20220112,20221210
279,0,0,0,0,0,0,0,20220112,20221210
280,1,1,1,1,1,1,1,20220112,20221210
281,0,0,0,0,0,0,0,20220112,20221210
282,1,1,1,1,1,0,0,20220112,20221210
283,0,0,0,0,0,1,1,20220112,20221210
284,1,1,1,1,1,1,0,20220112,20221210
285,0,0,0,0,0,0,1,20220112,20221210
286,1,1,1,1,1,0,0,20220112,20221210
287,0,0,0,0,0,1,1,20220112,20221210
288,1,1,1,1,1,1,1,20220112,20221210
289,0,0,0,0,0,0,0,20220112,20221210
290,0,0,0,0,0,0,0,20220112,20221210
291,1,1,1,1,1,1,0,20220112,20221210
292,0,0,0,0,0,0,1,20220112,20221210
293,1,1,1,1,1,1,0,20220112,20221210
294,0,0,0,0,0,1,1,20220112,20221210
295,0,0,0,0,1,1,1,20220112,20221210
296,0,0,0,0,0,0,0,20220112,20221210
297,1,1,1,1,1,1,1,20220112,20221210
298,1,1,1,1,1,0,0,20220112,20221210
299,0,0,0,0,1,1,0,20220112,20221210
300,0,0,0,0,0,0,0,20220112,20221210
301,0,0,0,0,0,0,0,20220112,20221210
302,1,1,1,1,0,0,1,20220112,20221210
303,0,0,0,0,0,0,0,20220112,20221210
304,0,0,0,0,0,0,0,20220112,20221210
305,1,1,1,1,1,1,1,20220112,20221210
306,0,0,0,0,0,0,0,20220112,20221210
307,0,0,0,0,0,0,0,20220112,20221210
308,0,0,0,0,0,1,0,20220112,20221210
309,0,0,0,0,0,1,1,20220112,20221210
310,0,0,0,0,0,0,0,20220112,20221210
311,0,0,0,0,0,0,0,20220112,20221210
312,1,1,1,1,1,1,1,20220112,20221210
313,0,0,0,0,0,0,0,20220112,20221210
314,1,1,1,1,1,1,0,20220112,20221210
315,1,1,1,1,1,0,0,20220112,20221210
316,1,1,1,1,1,1,0,20220112,20221210
317,1,1,1,1,1,1,1,20220112,20221210
318,1,1,1,1,1,1,1,20220112,20221210
319,1,1,1,1,1,1,1,20220112,20221210
320,1,1,1,1,1,1,1,20220112,20221210
321,1,1,1,1,1,1,1,20220112,20221210
322,1,1,1,1,1,1,1,20220112,20221210
323,1,1,1,1,1,1,0,20220112,20221210
324,1,1,1,1,0,0,0,20220112,20221210
325,0,0,0,0,1,0,0,20220112,20221210
326,1,1,1,1,0,0,1,20220112,20221210
327,0,0,0,0,0,1,0,20220112,20221210
328,0,0,0,0,0,1,1,20220112,20221210
329,1,1,1,1,1,1,1,20220112,20221210
330,0,0,0,0,0,0,0,20220112,20221210
331,0,0,0,0,0,0,0,20220112,20221210
332,0,0,0,0,0,0,0,20220112,20221210
333,1,1,1,1,1,1,1,20220112,20221210
334,1,1,1,1,1,1,1,20220112,20221210
335,1,1,1,1,1,0,0,20220112,20221210
336,0,0,0,0,1,1,0,20220112,20221210
337,1,1,1,1,1,1,1,20220112,20221210
338,0,0,0,0,0,0,0,20220112,20221210
339,0,0,0,0,0,0,0,20220112,20221210
340,1,1,1,1,1,1,1,20220112,20221210
341,0,0,0,0,0,0,0,20220112,20221210
342,0,0,0,0,0,0,0,20220112,20221210
343,0,0,0,0,0,0,0,20220112,20221210
344,1,1,1,1,1,1,0,20220112,20221210
345,1,1,1,1,1,1,1,20220112,20221210
346,0,0,0,0,0,0,0,20220112,20221210
347,1,1,1,1,1,1,1,20220112,20221210
348,1,1,1,1,1,1,1,20220112,20221210
349,1,1,1,1,1,0,1,20220112,20221210
350,0,0,0,0,0,0,0,20220112,20221210
351,0,0,0,0,0,0,0,20220112,20221210
352,0,0,0,0,0,1,1,20220112,20221210
353,0,0,0,0,0,1,1,20220112,20221210
354,0,0,0,0,0,1,1,20220112,20221210
355,1,1,1,1,1,0,0,20220112,20221210
356,1,1,1,1,1,0,0,20220112,20221210
357,1,1,1,1,1,0,0,20220112,20221210
358,1,1,1,1,1,0,0,20220112,20221210
359,1,1,1,1,1,0,0,20220112,20221210
360,1,1,1,1,1,0,0,20220112,20221210
361,1,1,1,1,1,0,1,20220112,20221210
362,1,1,1,1,1,1,1,20220112,20221210
363,1,1,1,1,1,1,1,20220112,20221210
364,0,0,0,0,0,1,1,20220112,20221210
365,0,0,0,0,0,1,1,20220112,20221210
366,0,0,0,0,0,1,0,20220112,20221210
367,0,0,0,0,0,0,0,20220112,20221210
368,0,0,0,0,0,0,0,20220112,20221210
369,1,1,1,1,1,0,0,20220112,20221210
370,0,0,0,0,0,0,0,20220112,20221210
371,1,1,1,1,1,1,0,20220112,20221210
372,1,1,1,1,1,1,1,20220112,20221210
373,0,0,0,0,0,0,0,20220112,20221210
374,0,0,0,0,0,0,0,20220112,20221210
375,0,0,0,0,0,0,0,20220112,20221210
376,0,0,0,0,0,0,0,20220112,20221210
377,0,0,0,0,0,0,0,20220112,20221210
378,1,1,1,1,1,0,0,20220112,20221210
379,0,0,0,0,0,0,0,20220112,20221210
380,0,0,0,0,0,1,1,20220112,20221210
381,0,0,0,0,0,0,0,20220112,20221210
382,0,0,0,0,0,1,1,20220112,20221210
383,0,0,0,0,0,1,1,20220112,20221210
384,0,0,0,0,0,0,0,20220112,20221210
385,0,0,0,0,0,0,0,20220112,20221210
386,1,1,1,1,1,0,0,20220112,20221210
387,0,0,0,0,0,1,1,20220112,20221210
388,1,1,1,1,1,1,0,20220112,20221210
389,0,0,0,0,0,0,1,20220112,20221210
390,1,1,1,1,1,1,1,20220112,20221210
391,0,0,0,0,0,0,0,20220112,20221210
392,0,0,0,0,0,0,0,20220112,20221210
393,1,1,1,1,1,1,1,20220112,20221210
394,0,0,0,0,0,0,0,20220112,20221210
395,1,1,1,1,1,1,1,20220112,20221210
396,0,0,0,0,0,0,0,20220112,20221210
397,1,1,1,1,1,1,1,20220112,20221210
398,0,0,0,0,0,0,0,20220112,20221210
399,0,0,0,0,0,0,0,20220112,20221210
400,0,0,0,0,0,0,0,20220112,20221210
401,0,0,0,0,0,0,0,20220112,20221210
402,0,0,0,0,0,0,0,20220112,20221210
403,0,0,0,0,0,0,0,20220112,20221210
404,0,0,0,0,0,0,0,20220112,20221210
405,0,0,0,0,0,0,0,20220112,20221210
406,0,0,0,0,0,0,0,20220112,20221210
407,0,0,0,0,0,0,0,20220112,20221210
408,0,0,0,0,0,0,0,20220112,20221210
409,1,1,1,1,1,0,0,20220112,20221210
410,0,0,0,0,0,0,0,20220112,20221210
411,1,1,1,1,1,1,1,20220112,20221210
412,0,0,0,0,0,0,0,20220112,20221210
413,0,0,0,0,0,0,0,20220112,20221210
414,0,0,0,0,0,0,0,20220112,20221210
415,0,0,0,0,0,0,0,20220112,20221210
416,1,1,1,1,1,1,1,20220112,20221210
417,0,0,0,0,0,1,1,20220112,20221210
418,0,0,0,0,0,1,1,20220112,20221210
419,0,0,0,0,0,0,1,20220112,20221210
420,1,1,1,1,1,0,0,20220112,20221210
421,0,0,0,0,0,1,1,20220112,20221210
422,1,1,1,1,1,1,0,20220112,20221210
423,0,0,0,0,0,1,1,20220112,20221210
424,0,0,0,0,0,0,1,20220112,20221210
425,0,0,0,0,0,0,0,20220112,20221210
426,0,0,0,0,0,0,0,20220112,20221210
427,1,1,1,1,1,1,1,20220112,20221210
428,0,0,0,0,0,0,0,20220112,20221210
429,0,0,0,0,0,0,0,20220112,20221210
430,0,0,0,0,0,0,0,20220112,20221210
431,0,0,0,0,0,0,0,20220112,20221210
432,1,1,1,1,0,0,1,20220112,20221210
433,0,0,0,0,0,1,0,20220112,20221210
434,0,0,0,0,0,0,0,20220112,20221210
435,1,1,1,1,1,1,1,20220112,20221210
436,0,0,0,0,0,0,0,20220112,20221210
437,1,1,1,1,1,1,1,20220112,20221210
438,0,0,0,0,0,1,0,20220112,20221210
439,0,0,0,0,0,0,0,20220112,20221210
440,1,1,1,1,1,1,0,20220112,20221210
441,0,0,0,0,0,0,0,20220112,20221210
442,1,1,1,1,1,1,1,20220112,20221210
443,0,0,0,0,0,1,0,20220112,20221210
444,0,0,0,0,0,0,0,20220112,20221210
445,0,0,0,0,1,0,0,20220112,20221210
446,0,0,0,0,0,1,0,20220112,20221210
447,0,0,0,0,0,0,1,20220112,20221210
448,1,1,1,1,1,1,1,20220112,20221210
449,1,1,1,1,1,1,1,20220112,20221210
450,0,0,0,0,1,1,0,20220112,20221210
451,1,1,1,1,0,0,1,20220112,20221210
452,1,1,1,1,1,0,0,20220112,20221210
453,1,1,1,1,1,0,0,20220112,20221210
454,1,1,1,1,0,0,0,20220112,20221210
455,0,0,0,0,0,1,0,20220112,20221210
456,0,0,0,0,0,0,0,20220112,20221210
457,0,0,0,0,0,0,1,20220112,20221210
458,0,0,0,0,0,1,0,20220112,20221210
459,1,1,1,1,1,1,1,20220112,20221210
460,0,0,0,0,1,0,1,20220112,20221210
461,1,0,0,0,0,0,0,20220112,20221210
462,0,0,0,0,0,0,0,20220112,20221210
463,1,1,1,1,1,1,1,20220112,20221210
464,0,0,0,0,0,0,0,20220112,20221210
465,0,0,0,0,0,0,0,20220112,20221210
466,1,1,1,1,0,0,0,20220112,20221210
467,1,0,0,0,0,0,0,20220112,20221210
468,0,1,1,1,1,0,0,20220112,20221210
469,0,0,0,0,1,1,1,20220112,20221210
470,1,1,1,1,1,0,0,20220112,20221210
471,1,1,1,1,1,0,0,20220112,20221210
472,0,0,0,0,0,0,0,20220112,20221210
473,0,0,0,0,0,0,0,20220112,20221210
474,0,0,0,0,0,0,0,20220112,20221210
475,0,0,0,0,0,0,0,20220112,20221210
476,1,1,1,1,1,1,0,20220112,20221210
477,1,1,1,1,1,1,1,20220112,20221210
478,1,1,1,1,1,1,1,20220112,20221210
479,0,0,0,0,1,1,0,20220112,20221210
480,0,0,0,0,0,0,0,20220112,20221210
481,0,0,0,0,0,1,1,20220112,20221210
482,1,1,1,1,1,1,1,20220112,20221210
483,0,0,0,0,0,0,0,20220112,20221210
484,0,0,0,0,0,0,0,20220112,20221210
485,0,0,0,0,1,0,0,20220112,20221210
486,1,1,1,1,1,0,0,20220112,20221210
487,0,0,0,0,0,0,0,20220112,20221210
488,0,0,0,0,0,0,0,20220112,20221210
489,0,0,0,0,0,1,0,20220112,20221210
490,0,0,0,0,0,0,0,20220112,20221210
491,0,0,0,0,1,0,0,20220112,20221210
492,1,1,1,1,1,0,0,20220112,20221210
493,0,0,0,0,0,0,0,20220112,20221210
494,0,0,0,0,0,0,0,20220112,20221210
495,0,0,0,0,0,0,0,20220112,20221210
496,1,1,1,1,0,1,1,20220112,20221210
497,0,0,0,0,1,0,0,20220112,20221210
498,0,0,0,0,0,0,1,20220112,20221210
499,1,1,1,1,1,1,1,20220112,20221210
500,1,1,1,1,1,1,0,20220112,20221210
501,1,1,1,1,1,1,1,20220112,20221210
502,0,0,0,0,0,0,0,20220112,20221210
503,1,1,1,1,1,0,0,20220112,20221210
504,0,0,0,0,1,0,0,20220112,20221210
505,1,1,1,1,1,1,0,20220112,20221210
506,0,0,0,0,0,0,0,20220112,20221210
507,0,0,0,0,0,0,0,20220112,20221210
508,1,1,1,1,1,1,1,20220112,20221210
509,0,0,0,0,0,1,1,20220112,20221210
510,1,1,1,1,1,1,1,20220112,20221210
511,0,0,0,0,0,0,0,20220112,20221210
512,1,1,1,1,1,1,1,20220112,20221210
513,0,0,0,0,0,0,0,20220112,20221210
514,1,1,1,1,1,1,1,20220112,20221210
515,0,0,0,0,0,0,0,20220112,20221210
516,1,1,1,1,1,0,0,20220112,20221210
517,0,0,0,0,0,0,0,20220112,20221210
518,0,0,0,0,0,0,0,20220112,20221210
519,0,0,0,0,0,0,0,20220112,20221210
520,1,1,1,1,0,0,0,20220112,20221210
521,0,0,0,0,0,0,0,20220112,20221210
522,0,0,0,0,0,0,0,20220112,20221210
523,0,0,0,0,1,0,0,20220112,20221210
524,0,0,0,0,0,0,0,20220112,20221210
525,0,0,0,0,0,1,1,20220112,20221210
526,1,1,1,1,1,1,1,20220112,20221210
527,0,0,0,0,0,0,0,20220112,20221210
528,0,0,0,0,0,0,0,20220112,20221210
529,0,0,0,0,0,0,0,20220112,20221210
530,1,1,1,1,1,1,0,20220112,20221210
531,0,0,0,0,0,0,0,20220112,20221210
532,1,1,1,1,1,1,1,20220112,20221210
533,1,1,1,1,1,1,1,20220112,20221210
534,1,1,1,1,1,1,1,20220112,20221210
535,1,1,1,1,1,1,1,20220112,20221210
536,0,0,0,0,0,0,0,20220112,20221210
537,1,1,1,1,1,1,0,20220112,20221210
538,1,1,1,1,1,0,0,20220112,20221210
539,0,0,0,0,0,0,0,20220112,20221210
540,1,1,1,1,1,0,0,20220112,20221210
541,0,0,0,0,0,1,1,20220112,20221210
542,0,0,0,0,0,0,1,20220112,20221210
543,1,1,1,1,1,1,1,20220112,20221210
544,0,0,0,0,0,1,1,20220112,20221210
545,1,1,1,1,1,1,1,20220112,20221210
546,0,0,0,0,0,1,0,20220112,20221210
547,1,1,1,1,0,1,0,20220112,20221210
548,0,0,0,0,1,1,0,20220112,20221210
549,0,0,0,0,0,0,0,20220112,20221210
550,0,0,0,0,0,0,0,20220112,20221210
551,1,1,1,1,1,1,0,20220112,20221210
552,1,1,1,1,1,1,0,20220112,20221210
553,1,1,1,1,1,0,0,20220112,20221210
554,1,1,1,1,1,1,1,20220112,20221210
555,1,1,1,1,1,1,1,20220112,20221210
556,1,1,1,1,1,1,0,20220112,20221210
557,0,0,0,0,0,0,1,20220112,20221210
558,0,0,0,0,0,1,1,20220112,20221210
559,1,1,1,1,1,1,1,20220112,20221210
560,1,1,1,1,1,1,1,20220112,20221210
561,1,1,1,1,1,0,0,20220112,20221210
562,1,1,1,1,1,0,0,20220112,20221210
563,0,0,0,0,0,0,0,20220112,20221210
564,0,0,0,0,0,0,0,20220112,20221210
565,0,0,0,0,0,0,0,20220112,20221210
566,0,0,0,0,0,0,0,20220112,20221210
567,0,0,0,0,0,0,0,20220112,20221210
568,0,0,0,0,0,0,0,20220112,20221210
569,0,0,0,0,0,0,0,20220112,20221210
570,0,0,0,0,0,0,0,20220112,20221210
571,1,1,1,1,1,0,0,20220112,20221210
572,0,0,0,0,0,0,0,20220112,20221210
573,0,0,0,0,0,0,0,20220112,20221210
574,1,1,1,1,1,1,1,20220112,20221210
575,0,0,0,0,0,0,0,20220112,20221210
576,1,1,1,1,1,1,1,20220112,20221210
577,0,0,0,0,0,1,0,20220112,20221210
578,1,1,1,1,1,1,0,20220112,20221210
579,1,1,1,1,1,1,1,20220112,20221210
580,0,0,0,0,0,0,0,20220112,20221210
581,1,1,1,1,1,1,1,20220112,20221210
582,1,1,1,1,1,1,1,20220112,20221210
583,1,1,1,1,1,0,0,20220112,20221210
584,0,0,0,0,1,0,0,20220112,20221210
585,0,0,0,0,0,1,1,20220112,20221210
586,1,1,1,1,1,1,1,20220112,20221210
587,0,0,0,0,0,0,0,20220112,20221210
588,1,1,1,1,1,1,1,20220112,20221210
589,0,0,0,0,0,0,0,20220112,20221210
590,0,0,0,0,0,1,1,20220112,20221210
591,0,0,0,0,0,1,1,20220112,20221210
592,1,1,1,1,1,1,1,20220112,20221210
593,0,0,0,0,0,0,0,20220112,20221210
594,1,1,1,1,1,0,0,20220112,20221210
595,0,1,1,1,1,0,0,20220112,20221210
596,1,0,0,0,0,0,0,20220112,20221210
597,0,0,0,0,0,0,0,20220112,20221210
598,1,1,1,1,1,1,1,20220112,20221210
599,1,1,1,1,1,1,1,20220112,20221210
600,1,1,1,1,1,1,1,20220112,20221210
601,0,0,0,0,0,0,0,20220112,20221210
602,0,0,0,0,0,1,1,20220112,20221210
603,0,0,0,0,0,0,0,20220112,20221210
604,1,1,1,1,1,0,0,20220112,20221210
605,0,0,0,0,0,1,1,20220112,20221210
606,1,1,1,1,1,0,0,20220112,20221210
607,0,0,0,0,0,1,1,20220112,20221210
608,0,1,1,1,1,1,1,20220112,20221210
609,0,0,0,0,0,0,0,20220112,20221210
610,0,0,0,0,0,0,1,20220112,20221210
611,0,0,0,0,0,1,1,20220112,20221210
612,0,0,0,0,0,1,1,20220112,20221210
613,0,0,0,0,0,0,1,20220112,20221210
614,1,1,1,1,1,1,1,20220112,20221210
615,0,0,0,0,0,1,1,20220112,20221210
616,1,1,1,1,1,1,1,20220112,20221210
617,1,1,1,1,1,0,0,20220112,20221210
618,1,1,1,1,0,0,0,20220112,20221210
619,0,0,0,0,0,0,0,20220112,20221210
620,1,1,1,1,1,0,0,20220112,20221210
621,1,1,1,1,0,1,0,20220112,20221210
622,0,0,0,0,1,0,0,20220112,20221210
623,1,1,1,1,1,0,0,20220112,20221210
624,0,0,0,0,0,0,0,20220112,20221210
625,1,1,1,1,1,0,0,20220112,20221210
626,0,0,0,0,1,0,0,20220112,20221210
627,1,1,1,1,1,0,0,20220112,20221210
628,0,0,0,0,0,0,0,20220112,20221210
629,1,1,1,1,1,0,0,20220112,20221210
630,0,0,0,0,0,0,1,20220112,20221210
631,1,1,1,1,1,1,0,20220112,20221210
632,0,0,0,0,0,0,0,20220112,20221210
633,0,0,0,0,0,0,0,20220112,20221210
634,0,0,0,0,0,1,1,20220112,20221210
635,1,1,1,1,1,1,1,20220112,20221210
636,1,1,1,1,1,1,0,20220112,20221210
637,0,0,0,0,0,0,0,20220112,20221210
638,0,0,0,0,0,0,0,20220112,20221210
639,0,0,0,0,0,0,0,20220112,20221210
640,0,0,0,0,0,0,0,20220112,20221210
641,0,0,0,0,0,0,0,20220112,20221210
642,0,0,0,0,0,0,0,20220112,20221210
643,1,1,1,1,1,1,1,20220112,20221210
644,0,0,0,0,0,0,0,20220112,20221210
645,0,0,0,0,0,0,0,20220112,20221210
646,0,0,0,0,0,0,0,20220112,20221210
647,0,0,0,0,0,0,0,20220112,20221210
648,0,0,0,0,0,0,0,20220112,20221210
649,0,0,0,0,0,0,0,20220112,20221210
650,0,0,0,0,0,0,1,20220112,20221210
651,0,0,0,0,0,0,0,20220112,20221210
652,0,0,0,0,0,0,0,20220112,20221210
653,0,0,0,0,0,0,0,20220112,20221210
654,0,0,0,0,0,0,0,20220112,20221210
655,0,0,0,0,0,0,0,20220112,20221210
656,0,0,0,0,0,0,0,20220112,20221210
657,0,0,0,0,0,0,0,20220112,20221210
658,0,0,0,0,0,0,0,20220112,20221210
659,0,0,0,0,0,0,0,20220112,20221210
660,0,0,0,0,0,0,0,20220112,20221210
661,0,0,0,0,0,0,0,20220112,20221210
662,0,0,0,0,0,0,1,20220112,20221210
663,0,0,0,0,0,0,0,20220112,20221210
664,0,0,0,0,0,0,0,20220112,20221210
665,0,0,0,0,0,0,0,20220112,20221210
666,0,0,0,0,0,0,0,20220112,20221210
667,0,0,0,0,0,0,0,20220112,20221210
668,0,0,0,0,0,0,0,20220112,20221210
669,0,0,0,0,0,0,0,20220112,20221210
670,0,0,0,0,0,0,0,20220112,20221210
671,0,1,1,1,1,1,0,20220112,20221210
672,0,0,0,0,0,0,1,20220112,20221210
673,1,0,0,0,0,0,0,20220112,20221210
674,0,0,0,0,0,0,0,20220112,20221210
675,0,0,0,0,0,0,1,20220112,20221210
676,0,0,0,0,0,0,0,20220112,20221210
677,0,0,0,0,0,1,1,20220112,20221210
678,0,0,0,0,0,0,1,20220112,20221210
679,1,1,1,1,0,1,1,20220112,20221210
680,1,1,1,1,1,0,1,20220112,20221210
681,0,0,0,0,0,1,0,20220112,20221210
682,1,1,1,1,0,0,1,20220112,20221210
683,0,0,0,0,0,1,1,20220112,20221210
684,0,0,0,1,0,0,0,20220112,20221210
685,1,1,0,0,0,0,0,20220112,20221210
686,0,0,0,0,0,0,0,20220112,20221210
687,1,1,1,1,1,0,0,20220112,20221210
688,1,1,0,1,0,0,0,20220112,20221210
689,0,0,0,0,0,0,0,20220112,20221210
690,1,1,0,0,1,0,0,20220112,20221210
691,1,1,1,1,0,0,0,20220112,20221210
692,0,0,0,0,0,0,0,20220112,20221210
693,0,0,1,1,1,0,0,20220112,20221210
694,0,0,0,0,0,0,0,20220112,20221210
695,0,0,1,0,1,0,0,20220112,20221210
696,0,0,1,1,0,0,0,20220112,20221210
697,0,0,0,0,1,0,0,20220112,20221210
698,1,1,1,1,0,0,0,20220112,20221210
699,1,0,1,1,1,0,0,20220112,20221210
700,0,1,1,1,0,0,0,20220112,20221210
701,1,1,0,0,0,0,0,20220112,20221210
702,1,1,0,1,0,0,0,20220112,20221210
703,0,1,0,0,0,0,0,20220112,20221210
704,1,0,0,0,1,0,0,20220112,20221210
705,0,0,1,0,0,0,0,20220112,20221210
706,0,0,0,0,0,0,0,20220112,20221210
707,0,0,0,1,0,0,0,20220112,20221210
708,1,1,1,1,1,0,0,20220112,20221210
709,0,0,1,0,0,0,0,20220112,20221210
710,0,0,0,0,0,0,0,20220112,20221210
711,0,0,0,0,1,0,0,20220112,20221210
712,0,0,0,0,0,0,0,20220112,20221210
713,0,0,0,1,0,0,0,20220112,20221210
714,1,0,0,0,0,0,0,20220112,20221210
715,0,0,0,0,0,0,0,20220112,20221210
716,0,0,0,0,0,0,0,20220112,20221210
717,0,0,0,0,0,0,0,20220112,20221210
718,0,0,1,0,0,0,0,20220112,20221210
719,1,1,1,1,1,0,0,20220112,20221210
720,0,0,1,0,0,0,0,20220112,20221210
721,0,0,0,0,0,0,0,20220112,20221210
722,1,1,1,1,1,0,0,20220112,20221210
723,0,1,1,1,0,0,0,20220112,20221210
724,0,0,0,0,0,0,0,20220112,20221210
725,0,1,0,0,0,0,0,20220112,20221210
726,0,0,0,1,0,0,0,20220112,20221210
727,0,0,0,0,0,0,0,20220112,20221210
728,0,0,0,0,0,0,0,20220112,20221210
729,1,0,0,0,0,0,0,20220112,20221210
730,0,0,0,1,0,0,0,20220112,20221210
731,0,0,0,0,0,0,0,20220112,20221210
732,0,0,0,0,0,0,0,20220112,20221210
733,1,0,0,0,1,0,0,20220112,20221210
734,0,1,1,1,0,0,0,20220112,20221210
735,1,1,1,1,1,0,0,20220112,20221210
736,1,1,1,1,1,0,0,20220112,20221210
737,0,0,0,0,0,0,0,20220112,20221210
738,1,1,0,1,1,0,0,20220112,20221210
739,1,1,1,1,0,0,0,20220112,20221210
740,0,0,0,0,0,0,0,20220112,20221210
741,0,0,0,0,0,0,0,20220112,20221210
742,0,0,0,0,0,0,0,20220112,20221210
743,0,0,0,0,1,0,0,20220112,20221210
744,1,1,0,1,0,0,0,20220112,20221210
745,0,0,0,0,0,0,0,20220112,20221210
746,0,0,0,0,1,0,0,20220112,20221210
747,1,1,1,1,1,0,0,20220112,20221210
748,0,0,0,0,0,0,0,20220112,20221210
749,1,1,0,1,0,0,0,20220112,20221210
750,0,0,0,0,1,0,0,20220112,20221210
751,0,1,0,1,0,1,1,20220112,20221210
752,1,1,1,1,1,0,0,20220112,20221210
753,1,1,1,1,1,0,0,20220112,20221210
754,1,1,1,1,1,1,1,20220112,20221210
755,1,1,1,1,1,0,0,20220112,20221210
756,1,1,1,1,1,0,0,20220112,20221210
757,0,0,0,0,0,0,0,20220112,20221210
758,0,0,0,0,0,0,0,20220112,20221210
759,0,0,0,0,0,0,0,20220112,20221210
760,0,0,0,0,0,0,0,20220112,20221210
761,0,0,0,0,0,0,0,20220112,20221210
762,0,0,0,0,0,0,0,20220112,20221210
763,0,0,1,0,0,0,0,20220112,20221210
764,0,1,0,0,0,0,0,20220112,20221210
765,1,0,1,0,1,0,0,20220112,20221210
766,0,0,0,0,0,0,0,20220112,20221210
767,0,0,0,0,0,0,0,20220112,20221210
768,0,0,0,1,1,0,0,20220112,20221210
769,0,0,0,0,0,0,0,20220112,20221210
770,0,0,0,0,0,0,0,20220112,20221210
771,0,0,0,0,1,1,1,20220112,20221210
772,1,1,1,1,1,0,0,20220112,20221210
773,0,0,0,0,0,1,0,20220112,20221210
774,1,1,1,1,1,1,0,20220112,20221210
775,0,0,0,0,0,0,1,20220112,20221210
776,1,1,0,0,0,0,0,20220112,20221210
777,0,0,0,0,0,0,0,20220112,20221210
778,1,1,0,0,0,0,0,20220112,20221210
779,0,0,0,0,0,0,0,20220112,20221210
780,0,0,0,0,0,0,0,20220112,20221210
781,0,0,0,0,0,0,1,20220112,20221210
782,0,0,1,1,1,1,0,20220112,20221210
783,0,0,0,0,0,0,1,20220112,20221210
784,0,0,1,1,1,1,0,20220112,20221210
785,1,1,0,0,0,0,0,20220112,20221210
786,1,1,0,0,0,0,0,20220112,20221210
787,1,1,0,0,0,0,0,20220112,20221210
788,0,0,0,0,0,0,0,20220112,20221210
789,0,0,0,0,0,0,0,20220112,20221210
790,0,0,0,0,1,0,0,20220112,20221210
791,0,0,0,0,0,0,0,20220112,20221210
792,0,0,0,0,0,0,0,20220112,20221210
793,1,1,1,1,1,0,0,20220112,20221210
794,0,0,0,0,0,0,0,20220112,20221210
795,1,1,1,1,1,0,0,20220112,20221210
796,0,0,0,0,0,1,0,20220112,20221210
797,0,0,0,0,0,0,0,20220112,20221210
798,0,0,0,0,0,0,1,20220112,20221210
799,1,1,1,1,1,1,1,20220112,20221210
800,0,0,0,0,0,0,0,20220112,20221210
801,0,0,0,0,0,0,0,20220112,20221210
802,0,0,0,0,0,0,0,20220112,20221210
803,0,0,0,0,0,0,0,20220112,20221210
804,0,0,0,0,0,0,0,20220112,20221210
805,1,1,1,1,1,1,0,20220112,20221210
806,0,0,0,0,0,0,0,20220112,20221210
807,0,0,0,0,0,1,1,20220112,20221210
808,0,0,0,0,0,0,0,20220112,20221210
809,0,0,0,0,0,1,0,20220112,20221210
810,0,0,0,0,0,0,0,20220112,20221210
811,0,0,0,0,0,1,1,20220112,20221210
812,0,0,0,0,0,0,1,20220112,20221210
813,1,1,1,1,1,1,1,20220112,20221210
814,0,0,0,0,0,0,0,20220112,20221210
815,0,0,0,0,0,0,0,20220112,20221210
816,0,0,0,0,0,0,0,20220112,20221210
817,0,0,0,0,0,0,0,20220112,20221210
818,0,0,0,0,0,0,0,20220112,20221210
819,0,0,0,0,0,0,0,20220112,20221210
820,0,0,0,0,0,0,0,20220112,20221210
821,1,0,1,1,0,0,0,20220112,20221210
822,0,0,0,0,0,0,0,20220112,20221210
823,0,0,0,0,0,0,0,20220112,20221210
824,0,0,0,0,0,0,0,20220112,20221210
825,0,0,0,0,0,0,0,20220112,20221210
826,1,1,0,1,0,0,0,20220112,20221210
827,0,0,1,0,1,0,0,20220112,20221210
828,0,0,0,0,0,0,0,20220112,20221210
829,0,0,0,0,1,1,0,20220112,20221210
830,0,0,0,0,0,0,0,20220112,20221210
831,0,0,0,0,0,0,0,20220112,20221210
832,0,0,0,0,1,0,0,20220112,20221210
833,0,0,0,0,0,0,0,20220112,20221210
834,0,0,0,0,0,0,0,20220112,20221210
835,0,0,0,0,0,0,0,20220112,20221210
836,1,1,1,1,1,0,1,20220112,20221210
837,0,0,0,0,0,0,0,20220112,20221210
838,1,1,1,1,1,0,0,20220112,20221210
839,1,1,1,1,1,1,0,20220112,20221210
840,0,0,0,0,0,0,1,20220112,20221210
841,1,1,1,1,1,1,1,20220112,20221210
842,0,0,0,0,0,0,0,20220112,20221210
843,0,0,0,0,0,0,0,20220112,20221210
844,0,0,0,0,0,0,0,20220112,20221210
845,0,0,0,0,0,0,0,20220112,20221210
846,0,0,0,0,0,0,0,20220112,20221210
847,1,1,1,1,1,0,1,20220112,20221210
848,0,0,0,0,0,0,0,20220112,20221210
849,1,1,1,1,1,0,0,20220112,20221210
850,0,0,0,0,0,0,0,20220112,20221210
851,0,0,0,0,0,1,0,20220112,20221210
852,1,1,1,1,0,0,0,20220112,20221210
853,0,0,0,0,0,0,0,20220112,20221210
854,0,0,0,0,0,1,1,20220112,20221210
855,0,0,1,1,0,0,0,20220112,20221210
856,1,1,1,1,1,0,0,20220112,20221210
857,0,0,0,0,0,0,0,20220112,20221210
858,0,0,0,0,0,1,0,20220112,20221210
859,1,1,1,1,1,0,0,20220112,20221210
860,0,0,0,0,0,0,0,20220112,20221210
861,0,0,0,0,0,1,1,20220112,20221210
862,0,1,1,1,1,0,0,20220112,20221210
863,0,1,1,0,0,0,0,20220112,20221210
864,1,0,0,1,1,0,0,20220112,20221210
865,0,0,0,0,0,0,1,20220112,20221210
866,0,0,0,0,0,0,0,20220112,20221210
867,1,1,1,1,0,0,0,20220112,20221210
868,1,1,1,1,0,0,0,20220112,20221210
869,0,0,0,0,0,0,0,20220112,20221210
870,1,1,1,1,1,1,0,20220112,20221210
871,1,1,1,1,1,1,0,20220112,20221210
872,1,1,1,1,0,1,0,20220112,20221210
873,0,0,0,0,0,0,0,20220112,20221210
874,0,0,0,0,0,0,0,20220112,20221210
875,0,0,0,0,0,0,0,20220112,20221210
876,0,0,0,0,0,1,1,20220112,20221210
877,1,1,1,1,1,0,0,20220112,20221210
878,1,1,1,1,1,1,1,20220112,20221210
879,1,1,1,1,1,1,0,20220112,20221210
880,1,1,1,1,0,0,0,20220112,20221210
881,0,0,0,0,1,1,0,20220112,20221210
882,0,0,0,0,1,0,0,20220112,20221210
883,0,0,0,0,0,1,0,20220112,20221210
884,0,0,0,0,1,1,0,20220112,20221210
885,0,0,0,0,0,0,0,20220112,20221210
886,0,0,0,0,0,0,0,20220112,20221210
887,0,0,0,0,0,0,0,20220112,20221210
888,0,0,0,0,0,0,0,20220112,20221210
889,0,0,0,0,0,0,0,20220112,20221210
890,0,0,0,0,0,0,0,20220112,20221210
891,0,0,0,0,0,0,0,20220112,20221210
892,0,0,0,0,0,0,0,20220112,20221210
893,0,0,0,0,0,0,0,20220112,20221210
894,1,1,1,1,0,0,1,20220112,20221210
895,0,0,0,0,0,0,0,20220112,20221210
896,0,0,0,0,0,0,0,20220112,20221210
897,0,0,0,0,0,0,0,20220112,20221210
898,0,0,0,0,0,0,0,20220112,20221210
899,1,1,1,1,1,1,0,20220112,20221210
900,0,0,0,0,1,1,1,20220112,20221210
901,0,0,0,0,1,1,0,20220112,20221210
902,1,1,1,1,1,0,0,20220112,20221210
903,0,0,0,0,1,0,0,20220112,20221210
904,0,0,0,0,1,0,0,20220112,20221210
905,1,1,1,1,1,0,0,20220112,20221210
906,0,0,0,0,0,0,0,20220112,20221210
907,1,1,1,1,0,0,1,20220112,20221210
908,0,0,0,0,1,0,0,20220112,20221210
909,0,0,0,0,1,0,1,20220112,20221210
910,0,0,0,0,0,1,0,20220112,20221210
911,0,0,0,0,1,1,0,20220112,20221210
912,1,1,1,1,0,1,1,20220112,20221210
913,0,0,0,0,1,0,0,20220112,20221210
914,0,0,0,0,0,1,0,20220112,20221210
915,0,0,0,0,1,0,0,20220112,20221210
916,0,0,0,0,1,0,0,20220112,20221210
917,0,0,0,0,0,0,1,20220112,20221210
918,1,1,1,1,0,1,0,20220112,20221210
919,0,0,0,0,0,1,1,20220112,20221210
920,1,1,1,1,1,1,1,20220112,20221210
921,1,1,1,1,1,0,0,20220112,20221210
922,1,1,1,1,1,1,1,20220112,20221210
923,0,0,0,0,0,0,0,20220112,20221210
924,1,1,1,1,1,0,0,20220112,20221210
925,1,1,1,1,1,0,1,20220112,20221210
926,0,0,0,0,1,0,1,20220112,20221210
927,1,1,1,1,1,0,0,20220112,20221210
928,0,0,0,0,1,0,0,20220112,20221210
929,1,1,1,1,1,1,1,20220112,20221210
930,0,0,0,0,0,0,0,20220112,20221210
931,1,1,1,1,0,1,0,20220112,20221210
932,0,1,1,0,1,0,0,20220112,20221210
933,1,0,0,1,1,0,0,20220112,20221210
934,0,1,1,1,0,0,0,20220112,20221210
935,1,1,1,1,0,0,0,20220112,20221210
936,0,0,0,0,1,0,0,20220112,20221210
937,0,0,0,0,0,0,0,20220112,20221210
938,1,0,0,0,0,0,0,20220112,20221210
939,0,1,0,0,0,0,0,20220112,20221210
940,1,0,1,1,1,0,0,20220112,20221210
941,0,1,1,1,1,0,0,20220112,20221210
942,0,0,0,0,0,0,0,20220112,20221210
943,1,1,1,1,1,0,0,20220112,20221210
944,0,0,0,0,0,1,0,20220112,20221210
945,0,0,0,0,0,1,1,20220112,20221210
946,0,1,0,1,0,0,0,20220112,20221210
947,0,0,1,1,0,0,0,20220112,20221210
948,1,1,1,1,1,0,0,20220112,20221210
949,0,0,0,0,0,0,0,20220112,20221210
950,1,1,0,1,0,0,0,20220112,20221210
951,0,0,0,0,1,0,0,20220112,20221210
952,0,0,0,0,0,0,0,20220112,20221210
953,0,0,0,0,1,0,0,20220112,20221210
954,1,1,1,1,1,0,0,20220112,20221210
955,0,0,0,0,0,0,0,20220112,20221210
956,0,0,0,0,0,0,0,20220112,20221210
957,0,1,0,1,0,0,0,20220112,20221210
958,0,1,1,1,0,0,0,20220112,20221210
959,0,0,0,0,0,0,0,20220112,20221210
960,0,0,0,0,0,0,0,20220112,20221210
961,0,0,0,0,0,0,0,20220112,20221210
962,0,0,0,0,0,0,0,20220112,20221210
963,1,1,1,1,1,0,0,20220112,20221210
964,0,0,0,0,0,0,0,20220112,20221210
965,0,0,1,0,0,0,0,20220112,20221210
966,0,0,0,0,0,0,0,20220112,20221210
967,1,1,1,1,1,0,0,20220112,20221210
968,0,0,0,0,0,0,0,20220112,20221210
969,0,0,0,0,0,0,0,20220112,20221210
970,1,1,1,1,1,0,0,20220112,20221210
971,0,0,0,0,0,0,0,20220112,20221210
972,1,1,1,1,1,1,0,20220112,20221210
973,1,1,1,1,1,1,1,20220112,20221210
974,1,1,1,1,1,0,0,20220112,20221210
975,0,0,0,0,0,0,0,20220112,20221210
976,0,0,0,0,0,0,0,20220112,20221210
977,1,1,1,1,0,0,0,20220112,20221210
978,0,0,0,0,0,0,0,20220112,20221210
979,0,0,0,0,0,1,1,20220112,20221210
980,0,0,0,0,0,0,0,20220112,20221210
981,0,0,0,0,0,0,0,20220112,20221210
982,0,0,0,0,0,0,0,20220112,20221210
983,0,0,0,0,0,0,0,20220112,20221210
984,1,1,1,1,1,0,0,20220112,20221210
985,0,0,0,0,0,0,0,20220112,20221210
986,0,0,0,0,0,0,0,20220112,20221210
987,0,0,0,0,0,0,0,20220112,20221210
988,1,1,1,1,1,0,0,20220112,20221210
989,0,0,0,0,0,0,0,20220112,20221210
990,0,1,1,0,0,0,0,20220112,20221210
991,1,1,1,1,1,1,0,20220112,20221210
992,0,0,0,0,0,0,1,20220112,20221210
993,1,1,1,1,1,0,0,20220112,20221210
994,0,0,0,0,0,0,0,20220112,20221210
995,0,0,0,0,0,0,0,20220112,20221210
996,0,0,0,0,0,0,0,20220112,20221210
997,0,0,0,0,0,0,0,20220112,20221210
998,1,0,1,0,0,0,0,20220112,20221210
999,1,1,1,1,1,1,0,20220112,20221210
1000,0,0,0,0,0,1,0,20220112,20221210
1001,0,0,0,0,0,0,0,20220112,20221210
1002,0,0,0,0,0,0,0,20220112,20221210
1003,1,1,1,1,1,1,1,20220112,20221210
1004,0,0,0,0,0,1,1,20220112,20221210
1005,0,0,0,0,0,0,0,20220112,20221210
1006,1,1,0,1,1,0,0,20220112,20221210
1007,0,0,1,0,0,0,0,20220112,20221210
1008,0,0,0,0,0,1,1,20220112,20221210
1009,0,0,0,0,0,0,0,20220112,20221210
1010,0,0,1,0,0,1,0,20220112,20221210
1011,1,1,0,1,1,0,1,20220112,20221210
1012,0,0,1,0,0,0,0,20220112,20221210
1013,0,0,1,0,0,1,0,20220112,20221210
1014,0,0,1,0,0,0,0,20220112,20221210
1015,0,0,1,0,0,1,0,20220112,20221210
1016,1,1,0,1,1,0,0,20220112,20221210
1017,1,1,0,1,1,0,1,20220112,20221210
1018,0,1,0,1,1,0,0,20220112,20221210
1019,0,0,0,0,0,0,0,20220112,20221210
1020,0,0,0,0,0,0,0,20220112,20221210
1021,0,0,0,0,0,0,0,20220112,20221210
1022,0,0,0,0,0,0,0,20220112,20221210
1023,0,0,0,0,0,0,0,20220112,20221210
1024,0,0,0,0,0,0,0,20220112,20221210
1025,0,0,0,0,0,0,0,20220112,20221210
1026,0,0,0,0,0,1,1,20220112,20221210
1027,1,1,1,1,1,1,1,20220112,20221210
1028,0,0,0,0,0,0,0,20220112,20221210
1029,1,1,1,1,1,0,0,20220112,20221210
1030,0,1,1,1,1,0,0,20220112,20221210
1031,0,0,0,0,0,0,0,20220112,20221210
1032,1,0,1,0,1,0,0,20220112,20221210
1033,1,0,0,1,0,0,0,20220112,20221210
1034,1,1,1,1,0,0,0,20220112,20221210
1035,0,0,0,0,0,0,0,20220112,20221210
1036,1,0,1,1,0,0,0,20220112,20221210
1037,0,1,0,0,1,0,0,20220112,20221210
1038,1,1,0,1,0,0,0,20220112,20221210
1039,0,0,0,0,0,0,0,20220112,20221210
1040,0,0,0,0,1,0,0,20220112,20221210
1041,0,0,0,0,1,1,0,20220112,20221210
1042,0,0,0,0,1,0,0,20220112,20221210
1043,1,1,1,1,1,0,0,20220112,20221210
1044,0,0,0,0,0,0,0,20220112,20221210
1045,1,1,1,1,1,0,0,20220112,20221210
1046,1,1,1,1,1,0,0,20220112,20221210
1047,0,0,0,0,0,0,0,20220112,20221210
1048,0,0,0,0,0,0,0,20220112,20221210
1049,1,1,1,1,0,0,0,20220112,20221210
1050,1,1,1,1,1,0,0,20220112,20221210
1051,0,0,0,0,0,0,0,20220112,20221210
1052,0,0,0,0,0,0,0,20220112,20221210
1053,0,0,0,0,0,0,0,20220112,20221210
1054,1,1,1,1,1,0,0,20220112,20221210
1055,1,1,1,1,1,0,0,20220112,20221210
1056,1,1,1,1,1,1,0,20220112,20221210
1057,1,1,1,1,1,1,1,20220112,20221210
1058,0,0,0,0,0,0,0,20220112,20221210
1059,0,0,0,0,0,0,0,20220112,20221210
1060,1,1,1,1,1,0,1,20220112,20221210
1061,0,0,0,0,0,0,0,20220112,20221210
1062,0,1,1,1,1,0,0,20220112,20221210
1063,0,0,0,0,0,1,0,20220112,20221210
1064,0,0,0,0,0,0,0,20220112,20221210
1065,0,0,0,0,0,0,0,20220112,20221210
